矩阵相乘
1,3,5,0,2,4,6,0,0,2,8,0,4,2,1,1  	1,2,3,4,5,6,7,8,9,10,11,12,13,14,15,16 	21,25,45,4,49,69,125,8,77,113,205,12,105,157,285,16
矩阵乘向量
2,4,6,8,1,3,5,7,0,1,2,3,4,5,6,7 	5,3,1 	13,30,47
矩阵乘位置
2,4,6,8,1,3,5,7,0,1,2,3,4,5,6,7 	5,3,1 	17,35,53
矩阵设置旋转
30	1,2,3 	0.875595,0.420031,-0.238552,0,-0.381753,0.904304,0.191048,0,0.29597,-0.0762129,0.952152,0,0,0,0,1
 矩阵设置平移
4,5,6 	1,0,0,0,0,1,0,0,0,0,1,0,4,5,6,1
 矩阵设置缩放
3,6,9 	3,0,0,0,0,6,0,0,0,0,9,0,0,0,0,1
 矩阵求逆
1,3,5,0,2,4,6,0,0,2,8,0,4,2,1,1 	-2.5,1.75,0.25,0,2,-1,-0.5,-0,-0.5,0.25,0.25,0,6.5,-5.25,-0.25,1
